2024-06-23 22:07:04.023436
===== ANN1 =====
              precision    recall  f1-score   support

        DDoS       1.00      0.87      0.93   7526151
         DoS       0.65      1.00      0.79   1792167
       Mirai       1.00      0.99      1.00    583677
       Recon       0.64      0.61      0.62     78630
    Spoofing       0.78      0.72      0.75    107798
      Benign       0.85      0.92      0.88    243322
         Web       0.00      0.00      0.00      5433
  BruteForce       0.00      0.00      0.00      2983

    accuracy                           0.90  10340161
   macro avg       0.61      0.64      0.62  10340161
weighted avg       0.93      0.90      0.90  10340161

Accuracy  : 0.8980204466835671
Precision : 0.9295431281392179
Recall : 0.8980204466835671
f1Score : 0.9042644801047449
[[6568285  954909       1    2903      47       6       0       0]
 [   2656 1789036       0     472       1       2       0       0]
 [    356    1327  578214    3749      29       2       0       0]
 [   1039    1498       0   48286    9671   18136       0       0]
 [      1    1197       0    8640   77905   20055       0       0]
 [      1    1117       0    9358    8896  223950       0       0]
 [      0      59       0    1480    2910     984       0       0]
 [      0     517       0    1100     524     842       0       0]]”.