2024-06-23 22:20:44.840310
===== ANN3 =====
              precision    recall  f1-score   support

        DDoS       1.00      1.00      1.00   7526151
         DoS       0.99      1.00      0.99   1792167
       Mirai       1.00      1.00      1.00    583677
       Recon       0.67      0.64      0.66     78630
    Spoofing       0.88      0.65      0.75    107798
      Benign       0.84      0.95      0.89    243322
         Web       0.00      0.00      0.00      5433
  BruteForce       0.00      0.00      0.00      2983

    accuracy                           0.99  10340161
   macro avg       0.67      0.65      0.66  10340161
weighted avg       0.99      0.99      0.99  10340161

Accuracy  : 0.9901803269794348
Precision : 0.9894651547332924
Recall : 0.9901803269794348
f1Score : 0.9895601306618789
[[7516309    9401      44     384       4       9       0       0]
 [   2392 1789738       7      26       3       1       0       0]
 [    341    2186  581137      10       2       1       0       0]
 [   1270    3389       1   50655    4145   19170       0       0]
 [      8    1352       0   12725   70269   23444       0       0]
 [     12    1196       0    8940    2658  230516       0       0]
 [      1      95       0    1770    2468    1099       0       0]
 [      1     526       0    1180     273    1003       0       0]]”.