2024-06-24 01:40:39.152178
===== KNNC3 =====
              precision    recall  f1-score   support

        DDoS       0.96      0.98      0.97   7526151
         DoS       0.90      0.85      0.88   1792167
       Mirai       1.00      0.99      1.00    583677
       Recon       0.65      0.58      0.61     78630
    Spoofing       0.69      0.58      0.63    107798
      Benign       0.77      0.88      0.82    243322
         Web       0.14      0.01      0.02      5433
  BruteForce       0.93      0.15      0.26      2983

    accuracy                           0.95  10340161
   macro avg       0.76      0.63      0.65  10340161
weighted avg       0.95      0.95      0.95  10340161

Accuracy  : 0.9470609790311776
Precision : 0.9459529861827173
Recall : 0.9470609790311776
f1Score : 0.9460690520641846
[[7364147  159773     879     958     254     140       0       0]
 [ 264174 1526811     373     724      73      10       2       0]
 [   2368     649  580201     293     152      14       0       0]
 [   1713     559     253   45310    7369   23280     127      19]
 [     53      18     135    8432   62129   36863     162       6]
 [     96      23      47   11610   17751  213650     137       8]
 [      5       0       1    1502    1578    2276      71       0]
 [      0       0       2     581     567    1385       4     444]]”.