2024-06-24 09:39:21.404083
===== RF1 =====
              precision    recall  f1-score   support

        DDoS       0.99      1.00      1.00   7526151
         DoS       1.00      1.00      1.00   1792167
       Mirai       1.00      1.00      1.00    583677
       Recon       0.96      0.63      0.76     78630
    Spoofing       0.93      0.75      0.83    107798
      Benign       0.93      0.93      0.93    243322
         Web       0.73      0.02      0.04      5433
  BruteForce       1.00      0.00      0.00      2983

    accuracy                           0.99  10340161
   macro avg       0.94      0.67      0.70  10340161
weighted avg       0.99      0.99      0.99  10340161

Accuracy  : 0.991719374582272
Precision : 0.991391416107968
Recall : 0.991719374582272
f1Score : 0.990869295834786
[[7525624     415       3      71      30       8       0       0]
 [   1842 1790313       7       1       4       0       0       0]
 [   2624       2  581024      19       8       0       0       0]
 [  19124       1       0   49918    2285    7284      18       0]
 [  16421       5       7     973   80917    9454      21       0]
 [  13864       0       0     648    2181  226628       1       0]
 [   3460       0       0     188    1286     387     112       0]
 [   2457       0       0     148      71     303       2       2]]”.