2024-06-24 09:44:03.804946
===== RF2 =====
              precision    recall  f1-score   support

        DDoS       0.99      1.00      1.00   7526151
         DoS       1.00      1.00      1.00   1792167
       Mirai       1.00      1.00      1.00    583677
       Recon       0.96      0.65      0.78     78630
    Spoofing       0.94      0.76      0.84    107798
      Benign       0.93      0.93      0.93    243322
         Web       0.81      0.02      0.05      5433
  BruteForce       1.00      0.00      0.00      2983

    accuracy                           0.99  10340161
   macro avg       0.95      0.67      0.70  10340161
weighted avg       0.99      0.99      0.99  10340161

Accuracy  : 0.9918904550905929
Precision : 0.9916237016604927
Recall : 0.9918904550905929
f1Score : 0.991074670013465
[[7525630     391       4      89      29       8       0       0]
 [   1869 1790280      12       1       5       0       0       0]
 [   2720       4  580909      31      13       0       0       0]
 [  18319       1       0   51070    1979    7251      10       0]
 [  16072       5      11     864   81504    9325      17       0]
 [  13734       0       0     571    2232  226783       2       0]
 [   3496       0       0     221    1279     308     129       0]
 [   2464       0       0     146      56     314       1       2]]”.