2024-06-24 09:48:47.911012
===== RF3 =====
              precision    recall  f1-score   support

        DDoS       0.99      1.00      1.00   7526151
         DoS       1.00      1.00      1.00   1792167
       Mirai       1.00      1.00      1.00    583677
       Recon       0.96      0.64      0.77     78630
    Spoofing       0.93      0.76      0.83    107798
      Benign       0.93      0.93      0.93    243322
         Web       0.83      0.02      0.04      5433
  BruteForce       0.00      0.00      0.00      2983

    accuracy                           0.99  10340161
   macro avg       0.83      0.67      0.70  10340161
weighted avg       0.99      0.99      0.99  10340161

Accuracy  : 0.9919651154367906
Precision : 0.9914063587149685
Recall : 0.9919651154367906
f1Score : 0.9911420457087886
[[7525631     404       4      79      25       8       0       0]
 [   1583 1790575       6       0       3       0       0       0]
 [   1843       3  581827       1       3       0       0       0]
 [  18303       1       2   50690    2342    7284       8       0]
 [  16005       0       3     933   81541    9302      14       0]
 [  13682       0       0     595    2352  226691       2       0]
 [   3353       0       0     207    1381     368     124       0]
 [   2436       0       0     142      83     321       1       0]]”.