2024-06-21 07:31:24.642036
===== ANN1 =====
              precision    recall  f1-score   support

        DDoS       0.84      0.98      0.91   7526151
         DoS       0.73      0.24      0.37   1792167
       Mirai       0.98      0.97      0.98    583677
       Recon       0.74      0.30      0.42     78630
    Spoofing       0.80      0.29      0.43    107798
      Benign       0.61      0.96      0.75    243322
         Web       0.00      0.00      0.00      5433
  BruteForce       0.00      0.00      0.00      2983

    accuracy                           0.84  10340161
   macro avg       0.59      0.47      0.48  10340161
weighted avg       0.82      0.84      0.80  10340161

Accuracy  : 0.8363423935081862
Precision : 0.8242813893762964
Recall : 0.8363423935081862
f1Score : 0.8033314280507646
[[7353782  146785    5744    2744     466   16630       0       0]
 [1342786  438705     493    1945     428    7810       0       0]
 [   3170    8054  567825     300    1267    3061       0       0]
 [   2241    6392       8   23243     168   46578       0       0]
 [   1650    2767    4571    1384   31200   66226       0       0]
 [   1177    2103     277    1516    5089  233160       0       0]
 [    111     219       6     281     160    4656       0       0]
 [    554      68       0     149      11    2201       0       0]]”.