2024-06-21 07:37:01.382952
===== ANN2 =====
              precision    recall  f1-score   support

        DDoS       0.83      0.98      0.90   7526151
         DoS       0.63      0.13      0.22   1792167
       Mirai       0.98      0.98      0.98    583677
       Recon       0.56      0.35      0.43     78630
    Spoofing       0.81      0.27      0.41    107798
      Benign       0.63      0.94      0.75    243322
         Web       0.00      0.00      0.00      5433
  BruteForce       0.00      0.00      0.00      2983

    accuracy                           0.82  10340161
   macro avg       0.55      0.46      0.46  10340161
weighted avg       0.79      0.82      0.77  10340161

Accuracy  : 0.8189355078707189
Precision : 0.7930755803831608
Recall : 0.8189355078707189
f1Score : 0.7704990399217961
[[7378104  123820    6162    2193     515   15357       0       0]
 [1543893  235785     911    4237     565    6776       0       0]
 [   4086    4778  569241     311    2370    2891       0       0]
 [   4614    5101      15   27150     261   41489       0       0]
 [   3480    1650    3606    6526   29167   63369       0       0]
 [   2642    2217     151    6977    2857  228478       0       0]
 [    228     228       6    1124     173    3674       0       0]
 [    629      71       1     327      13    1942       0       0]]”.