2024-06-21 07:42:39.015210
===== ANN3 =====
              precision    recall  f1-score   support

        DDoS       0.84      0.98      0.91   7526151
         DoS       0.76      0.22      0.35   1792167
       Mirai       0.98      0.97      0.98    583677
       Recon       0.48      0.48      0.48     78630
    Spoofing       0.72      0.33      0.45    107798
      Benign       0.67      0.88      0.76    243322
         Web       0.00      0.00      0.00      5433
  BruteForce       0.00      0.00      0.00      2983

    accuracy                           0.84  10340161
   macro avg       0.56      0.48      0.49  10340161
weighted avg       0.83      0.84      0.80  10340161

Accuracy  : 0.8360923974007755
Precision : 0.8264773518966853
Recall : 0.8360923974007755
f1Score : 0.8007358074495404
[[7388300  113409    5921    4648     941   12932       0       0]
 [1378929  401590     626    4741     769    5512       0       0]
 [   8862     920  569076     977    1780    2062       0       0]
 [   4915    5985       4   37618     808   29300       0       0]
 [   2281    2356    4446   10609   35249   52857       0       0]
 [   2100    2061     308   16587    8769  213497       0       0]
 [    168     233       7    2136     267    2622       0       0]
 [    600      77       0     764      58    1484       0       0]]”.