2024-06-22 09:47:46.289052
===== CNN1 =====
              precision    recall  f1-score   support

        DDoS       0.83      0.99      0.90   7526151
         DoS       0.88      0.14      0.24   1792167
       Mirai       0.96      0.98      0.97    583677
       Recon       0.85      0.21      0.33     78630
    Spoofing       0.73      0.22      0.34    107798
      Benign       0.59      0.90      0.71    243322
         Web       0.00      0.00      0.00      5433
  BruteForce       1.00      0.11      0.19      2983

    accuracy                           0.83  10340161
   macro avg       0.73      0.44      0.46  10340161
weighted avg       0.84      0.83      0.78  10340161

Accuracy  : 0.828229560448817
Precision : 0.8377076880563963
Recall : 0.828229560448817
f1Score : 0.7769779968512212
[[7483403   14212    7468     637     608   19823       0       0]
 [1525722  249183    2080    1241     208   13733       0       0]
 [   6022    2293  570360      78    1339    3585       0       0]
 [  10486    5694    1602   16370    1736   42742       0       0]
 [   3542    4847    8335     322   24200   66552       0       0]
 [   7526    5951    4218     477    4954  220196       0       0]
 [    301     626     219      61     232    3994       0       0]
 [    246     228      80      23      79    2012       0     315]]”.