2024-06-22 09:57:32.238632
===== CNN2 =====
              precision    recall  f1-score   support

        DDoS       0.81      0.99      0.89   7526151
         DoS       0.64      0.05      0.09   1792167
       Mirai       0.97      0.98      0.97    583677
       Recon       0.86      0.21      0.34     78630
    Spoofing       0.73      0.22      0.34    107798
      Benign       0.62      0.90      0.73    243322
         Web       0.00      0.00      0.00      5433
  BruteForce       1.00      0.15      0.26      2983

    accuracy                           0.81  10340161
   macro avg       0.70      0.44      0.45  10340161
weighted avg       0.79      0.81      0.74  10340161

Accuracy  : 0.8116027400347054
Precision : 0.7851717480546523
Recall : 0.8116027400347054
f1Score : 0.7445170728149125
[[7473896   30318    6732     577     512   14116       0       0]
 [1695127   89041    1449     661     306    5583       0       0]
 [   8131     711  569167      65    2440    3163       0       0]
 [  12459    6370     630   16566    1037   41566       0       2]
 [   5339    4686    7653     411   23937   65772       0       0]
 [   8763    7386    2613     944    4561  219055       0       0]
 [    454     670      80      95     142    3992       0       0]
 [    303     254      27      37      48    1873       0     441]]”.