2024-06-22 10:06:32.549864
===== CNN3 =====
              precision    recall  f1-score   support

        DDoS       0.81      0.99      0.89   7526151
         DoS       0.60      0.05      0.10   1792167
       Mirai       0.96      0.98      0.97    583677
       Recon       0.74      0.22      0.34     78630
    Spoofing       0.72      0.21      0.33    107798
      Benign       0.61      0.91      0.73    243322
         Web       0.00      0.00      0.00      5433
  BruteForce       1.00      0.15      0.26      2983

    accuracy                           0.81  10340161
   macro avg       0.68      0.44      0.45  10340161
weighted avg       0.78      0.81      0.74  10340161

Accuracy  : 0.8105641681981548
Precision : 0.7773409906723195
Recall : 8105641681981548
f1Score : 0.7449511561466423
[[7453182   48101    7296    1128     553   15891       0       0]
 [1682211   96099    3103    3859     318    6577       0       0]
 [   6907     843  569744      67    3060    3056       0       0]
 [  12190    3709     890   17472    1092   43275       0       2]
 [   4610    4199    8984     325   23086   66594       0       0]
 [   7372    6935    3130     535    4010  221340       0       0]
 [    348     653     129      63      95    4145       0       0]
 [    256     238      48      29      35    1936       0     441]]”.