2024-06-22 19:26:08.624665
===== DT =====
              precision    recall  f1-score   support

        DDoS       0.90      0.94      0.92   7526151
         DoS       0.69      0.59      0.63   1792167
       Mirai       0.97      0.97      0.97    583677
       Recon       0.47      0.45      0.46     78630
    Spoofing       0.46      0.49      0.47    107798
      Benign       0.70      0.70      0.70    243322
         Web       0.06      0.06      0.06      5433
  BruteForce       0.07      0.08      0.07      2983

    accuracy                           0.86  10340161
   macro avg       0.54      0.53      0.54  10340161
weighted avg       0.86      0.86      0.86  10340161

Accuracy  : 0.8617882255411691
Precision : 0.8564233611567722
Recall : 0.8617882255411691
f1Score : 0.8582112668335136
[[7037150  464041    8380    5002    3870    7132     395     181]
 [ 727646 1050209    3462    3859    2902    3630     371      88]
 [   8004    4470  566188     656    2817    1420      79      43]
 [   5058    3606     712   35221   10156   21797    1339     741]
 [   3632    2737    2952    8057   52446   36081    1162     731]
 [   5953    3448    1344   20515   39361  169234    2103    1364]
 [    293     226      69    1124    1424    1869     352      76]
 [    233     125      35     604     602    1079      76     229]]”.