2024-06-23 14:49:13.680298
===== KNNC =====
              precision    recall  f1-score   support

        DDoS       0.90      0.94      0.92   7526151
         DoS       0.70      0.58      0.63   1792167
       Mirai       0.97      0.98      0.97    583677
       Recon       0.51      0.47      0.49     78630
    Spoofing       0.50      0.39      0.44    107798
      Benign       0.69      0.76      0.73    243322
         Web       0.03      0.01      0.01      5433
  BruteForce       0.82      0.15      0.25      2983

    accuracy                           0.87  10340161
   macro avg       0.64      0.53      0.55  10340161
weighted avg       0.86      0.87      0.86  10340161

Accuracy  : 0.8653204722827816
Precision : 0.8582076734243121
Recall : 0.8653204722827816
f1Score : 0.8602734859584316
[[7077469  426824    6101    4435    2552    8716      48       6]
 [ 747601 1035530    1433    2981    1221    3384      13       4]
 [   5309    3953  569135     786    2663    1813      11       7]
 [   5838    4823     314   36798    7344   23284     209      20]
 [   4270    3765    6186    8043   42198   43054     255      27]
 [   7227    4228     832   17063   27645  185953     344      30]
 [    479     412      35    1345    1168    1962      28       4]
 [    287     142      10     587     423    1077      15     442]]”.