2024-06-23 14:50:34.006466
===== Lin-SVC =====
              precision    recall  f1-score   support

        DDoS       0.80      1.00      0.89   7526151
         DoS       0.43      0.01      0.02   1792167
       Mirai       0.96      0.90      0.93    583677
       Recon       0.64      0.10      0.17     78630
    Spoofing       0.70      0.04      0.07    107798
      Benign       0.62      0.84      0.71    243322
         Web       0.00      0.00      0.00      5433
  BruteForce       0.89      0.15      0.25      2983

    accuracy                           0.80  10340161
   macro avg       0.63      0.38      0.38  10340161
weighted avg       0.74      0.80      0.72  10340161

Accuracy  : 0.7990202473636532
Precision : 0.7360296695982713
Recall : 0.7990202473636532
f1Score : 0.7205289617679674
[[7500897    6784     476     759      57   17175       1       2]
 [1760801   21388     814    3238     955    4921       0      50]
 [  57812     612  522532      10      44    2663       3       1]
 [  25992    8312     212    7945      45   36114       7       3]
 [  22126    4919   15493     303    4042   60904      11       0]
 [  28039    7458    2298     219     551  204753       4       0]
 [   1584     609     124      21      42    3053       0       0]
 [    740     222       0      12       0    1568       0     441]]