2024-06-22 19:24:48.983160
===== LR1 =====
              precision    recall  f1-score   support

        DDoS       0.81      0.99      0.89   7526151
         DoS       0.53      0.04      0.07   1792167
       Mirai       0.97      0.94      0.95    583677
       Recon       0.60      0.11      0.19     78630
    Spoofing       0.58      0.14      0.23    107798
      Benign       0.64      0.83      0.72    243322
         Web       0.00      0.00      0.00      5433
  BruteForce       0.99      0.15      0.26      2983

    accuracy                           0.81  10340161
   macro avg       0.64      0.40      0.41  10340161
weighted avg       0.76      0.81      0.74  10340161

Accuracy  : 0.805402353019455
Precision : 0.7596829533364038
Recall : 0.805402353019455
f1Score : 0.7355421024096104
[[7481241   27451    2800     902     760   12997       0       0]
 [1710815   71266     280    3682    1884    4240       0       0]
 [  31405     676  547808      59    1320    2408       0       1]
 [  20296   14823      68    8925     650   33866       0       2]
 [  14561    6258   14021     605   15383   56970       0       0]
 [  21223   11811     285     596    6481  202926       0       0]
 [   1104     955      26      41     205    3102       0       0]
 [    518     439       0      29      20    1536       0     441]]