2024-06-21 08:53:53.787793
===== RF1 =====
              precision    recall  f1-score   support

        DDoS       0.90      0.94      0.92   7526151
         DoS       0.70      0.60      0.65   1792167
       Mirai       0.98      0.97      0.98    583677
       Recon       0.71      0.39      0.50     78630
    Spoofing       0.64      0.42      0.51    107798
      Benign       0.74      0.75      0.75    243322
         Web       0.28      0.03      0.05      5433
  BruteForce       0.48      0.09      0.15      2983

    accuracy                           0.87  10340161
   macro avg       0.68      0.52      0.56  10340161
weighted avg       0.86      0.87      0.86  10340161

Accuracy  : 0.8671398830250322
Precision : 0.8602387055785887
Recall : 0.8671398830250322
f1Score : 0.8618976996130436
[[7067364  444432    7428    1449    1050    4419       7       2]
 [ 714650 1072141    1958    1176     653    1586       3       0]
 [  10160    3123  567657     230    1711     796       0       0]
 [  24660    1373      28   30361    3093   18997      76      42]
 [  21513    1283    1791    2682   45368   34996     124      41]
 [  35124     675      84    6008   17994  183067     179     191]
 [   2656      84       7     490     668    1373     152       3]
 [   1330      37       1     257     185     913       4     256]]