2024-06-21 08:59:55.109976
===== RF2 =====
              precision    recall  f1-score   support

        DDoS       0.90      0.94      0.92   7526151
         DoS       0.70      0.60      0.65   1792167
       Mirai       0.98      0.97      0.98    583677
       Recon       0.71      0.39      0.50     78630
    Spoofing       0.64      0.42      0.51    107798
      Benign       0.74      0.75      0.75    243322
         Web       0.24      0.03      0.05      5433
  BruteForce       0.41      0.07      0.13      2983

    accuracy                           0.87  10340161
   macro avg       0.67      0.52      0.56  10340161
weighted avg       0.86      0.87      0.86  10340161

Accuracy  : 0.8672330150371933
Precision : 0.8603159380506288
Recall : 0.8672330150371933
f1Score : 0.8620041671283907
[[7067362  444347    7459    1419    1070    4479       5      10]
 [ 713668 1072970    1975    1202     723    1624       3       2]
 [   9941    3147  567844     220    1720     804       1       0]
 [  24581    1383      32   30412    3049   19026      88      59]
 [  21530    1283    1852    2678   45313   34947     146      49]
 [  35042     647      92    5993   18085  183061     208     194]
 [   2722      80       5     489     612    1378     144       3]
 [   1376      38       2     247     174     919       4     223]]