2024-06-21 09:05:53.632142
===== RF3 =====
              precision    recall  f1-score   support

        DDoS       0.90      0.94      0.92   7526151
         DoS       0.70      0.60      0.65   1792167
       Mirai       0.98      0.97      0.98    583677
       Recon       0.71      0.39      0.50     78630
    Spoofing       0.64      0.42      0.51    107798
      Benign       0.75      0.75      0.75    243322
         Web       0.27      0.03      0.05      5433
  BruteForce       0.48      0.09      0.16      2983

    accuracy                           0.87  10340161
   macro avg       0.68      0.52      0.56  10340161
weighted avg       0.86      0.87      0.86  10340161

Accuracy  : 0.8671038100857423
Precision : 0.8601849251027491
Recall : 0.8671038100857423
f1Score : 0.8618578937212659
[[7067583  444260    7433    1444    1045    4363       6      17]
 [ 715360 1071411    1966    1235     678    1515       2       0]
 [  10112    3138  567699     227    1736     763       2       0]
 [  24665    1413      28   30396    3170   18831      72      55]
 [  21572    1268    1876    2626   45634   34647     132      43]
 [  35190     674      88    6004   18147  182832     206     181]
 [   2721      81       5     485     615    1365     156       5]
 [   1319      38       2     248     186     904       4     282]]