2024-06-22 19:23:42.369898
===== RNN1 =====
              precision    recall  f1-score   support

        DDoS       0.84      0.98      0.91   7526151
         DoS       0.79      0.23      0.35   1792167
       Mirai       0.98      0.98      0.98    583677
       Recon       0.63      0.43      0.51     78630
    Spoofing       0.62      0.43      0.51    107798
      Benign       0.66      0.90      0.76    243322
         Web       0.00      0.00      0.00      5433
  BruteForce       0.94      0.15      0.26      2983

    accuracy                           0.84  10340161
   macro avg       0.68      0.51      0.53  10340161
weighted avg       0.83      0.84      0.80  10340161

Accuracy  : 0.8391164315526615
Precision : 0.8320809279562782
Recall : 0.8391164315526615
f1Score : 0.8039819651087701
[[7401797  100682    6125    3458    1613   12459       0      17]
 [1372676  405914    1628    5237    1200    5509       0       3]
 [   4902    2556  569956     529    2917    2817       0       0]
 [   3257    2441      14   34204    5287   33425       0       2]
 [   1686    2296    2947    3498   45907   51458       0       6]
 [   1414    1900     183    6420   15025  218380       0       0]
 [    175     243       4     736    1172    3103       0       0]
 [    133      74       0     341     332    1662       0     441]]”.