2024-06-23 14:51:53.571041
===== SGDC2 =====
              precision    recall  f1-score   support

        DDoS       0.86      0.82      0.84   7526151
         DoS       0.37      0.46      0.41   1792167
       Mirai       0.96      0.97      0.97    583677
       Recon       0.40      0.06      0.10     78630
    Spoofing       0.37      0.01      0.02    107798
      Benign       0.58      0.87      0.69    243322
         Web       0.00      0.00      0.00      5433
  BruteForce       1.00      0.15      0.26      2983

    accuracy                           0.75  10340161
   macro avg       0.57      0.42      0.41  10340161
weighted avg       0.77      0.75      0.75  10340161

Accuracy  : 0.7491903656045588
Precision : 0.7651089288249903
Recall : 0.7491903656045588
f1Score : 0.7522664614731994
[[6137780 1359313    7251     628     247   20932       0       0]
 [ 951291  823562     603    1989      16   14706       0       0]
 [    308   13009  567012       7      73    3268       0       0]
 [  21866   10020     218    4646     517   41361       0       2]
 [   7711   12196   15309    1394     841   70347       0       0]
 [  13070   13487     906    2877     515  212467       0       0]
 [    605     772     115     117      20    3804       0       0]
 [    331     288       3      72      24    1824       0     441]]”.