2024-06-15 13:27:16.366540
===== NCent =====
              precision    recall  f1-score   support

        DDoS       0.85      0.79      0.82   7526151
         DoS       0.35      0.00      0.00   1792167
       Mirai       0.23      0.99      0.37    583677
       Recon       0.16      0.51      0.25     78630
    Spoofing       0.27      0.01      0.03    107798
      Benign       0.56      0.71      0.63    243322
         Web       0.00      0.22      0.01      5433
  BruteForce       0.09      0.16      0.11      2983

    accuracy                           0.65  10340161
   macro avg       0.31      0.42      0.28  10340161
weighted avg       0.71      0.65      0.63  10340161

Accuracy  : 0.6502013846786332
Precision : 0.7097053569810391
f1Score : 0.6337971304115684
[[5923688    6191 1205400  136741     741   54108  199041     241]
 [1027267    3271  730134   25900     697    1872    1792    1234]
 [     78       3  580649     688      40    1285     902      32]
 [   4846       2    5996   39999     152   18386    8388     861]
 [    202       4   30840    8940    1513   55953    9728     618]
 [     77       3   17067   28864    2354  172421   20829    1707]
 [      3       1     884    1508     161    1595    1182      99]
 [      3       0     358     774       0     941     443     464]]”.