2024-06-14 23:51:39.044681
===== Bernoulli =====
              precision    recall  f1-score   support

        DDoS       0.83      0.99      0.90    196031
         DoS       0.82      0.18      0.30     46701
       Mirai       1.00      0.99      1.00     15235
       Recon       0.83      0.36      0.50      2034
    Spoofing       0.88      0.47      0.61      2796
      Benign       0.79      0.87      0.83      6240
         Web       0.00      0.00      0.00       143
  BruteForce       1.00      0.12      0.22        73

    accuracy                           0.84    269253
   macro avg       0.77      0.50      0.54    269253
weighted avg       0.83      0.84      0.79    269253

Accuracy  : 0.8362172380623428
Precision : 0.8345481239321957
f1Score : 0.7934672754191415
[[194141   1875      2      7      6      0      0      0]
 [ 38276   8412      9      4      0      0      0      0]
 [    99     12  15123      0      1      0      0      0]
 [   725     14      0    735     51    509      0      0]
 [   555      2      4     42   1320    873      0      0]
 [   629      0      0     83    114   5414      0      0]
 [    76      1      0      9     11     46      0      0]
 [    29      0      0      5      3     27      0      9]]”.