2024-06-14 23:49:45.731490
===== Gauss NB =====
              precision    recall  f1-score   support

        DDoS       1.00      0.44      0.61    196031
         DoS       0.31      0.98      0.47     46701
       Mirai       1.00      0.99      0.99     15235
       Recon       0.78      0.27      0.40      2034
    Spoofing       0.73      0.07      0.12      2796
      Benign       0.50      0.25      0.33      6240
         Web       0.00      0.10      0.00       143
  BruteForce       0.01      0.81      0.01        73

    accuracy                           0.56    269253
   macro avg       0.54      0.49      0.37    269253
weighted avg       0.86      0.56      0.60    269253

Accuracy  : 0.5571674224614025
Precision : 0.8603103095333983
f1Score : 0.5969466623936256
[[ 86971 101053      5     56     13    348   3049   4536]
 [   386  45662      2     53     12    190    159    237]
 [     1      6  15016      4     15     22     88     83]
 [     4      1      0    546      8    274    184   1017]
 [     0      0      1     13    188    718    905    971]
 [     0      0      0     26     23   1563   2514   2114]
 [     0      0      0      2      0      9     14    118]
 [     0      0      0      1      0     10      3     59]]”.