2024-06-15 13:26:13.594267
===== KNNC =====
              precision    recall  f1-score   support

        DDoS       0.97      0.98      0.97   7526151
         DoS       0.91      0.86      0.88   1792167
       Mirai       1.00      0.99      1.00    583677
       Recon       0.62      0.56      0.59     78630
    Spoofing       0.66      0.57      0.61    107798
      Benign       0.75      0.85      0.80    243322
         Web       0.18      0.01      0.02      5433
  BruteForce       0.89      0.09      0.17      2983

    accuracy                           0.95  10340161
   macro avg       0.75      0.61      0.63  10340161
weighted avg       0.95      0.95      0.95  10340161

Accuracy  : 0.9481065140088244
Precision : 0.9470828134109638
f1Score : 0.9471792789245017
[[7374196  149302     834    1370     345      98       6       0]
 [ 253178 1537586     387     895     105      16       0       0]
 [   2293     696  580256     315     106      11       0       0]
 [   2022     613      77   43830    6990   25019      62      17]
 [    164      85      18    7101   61650   38700      76       4]
 [    128      77       4   15365   21875  205722     141      10]
 [     35       9       0    1207    1368    2749      62       3]
 [      6       1       0     785     505    1412       2     272]]”.