2024-06-15 12:40:06.232113
===== Lin-SVC =====
              precision    recall  f1-score   support

        DDoS       0.82      0.99      0.90   7526151
         DoS       0.74      0.11      0.20   1792167
       Mirai       0.98      0.99      0.99    583677
       Recon       0.68      0.24      0.35     78630
    Spoofing       0.84      0.26      0.39    107798
      Benign       0.68      0.86      0.76    243322
         Web       0.14      0.00      0.00      5433
  BruteForce       1.00      0.15      0.26      2983

    accuracy                           0.82  10340161
   macro avg       0.73      0.45      0.48  10340161
weighted avg       0.81      0.82      0.77  10340161

Accuracy  : 0.823056817007008
Precision : 0.8111190523059972
f1Score : 0.7682934468445457
[[7474320   37173     197    1227     639   12595       0       0]
 [1583638  201537     413     895     564    5120       0       0]
 [    910    1363  578606     100     333    2362       3       0]
 [  14901   11468     349   18682     666   32560       2       2]
 [  17946    9924    7146    1963   27502   43288      29       0]
 [  15325    9960    1725    4004    2847  209444      17       0]
 [   1035     808     376     364      53    2789       8       0]
 [    441     349      12     212      35    1493       0     441]]”.