2024-06-15 13:28:24.236191
===== Ridge =====
              precision    recall  f1-score   support

        DDoS       0.79      1.00      0.88   7526151
         DoS       0.58      0.00      0.01   1792167
       Mirai       0.98      0.98      0.98    583677
       Recon       0.46      0.00      0.00     78630
    Spoofing       0.88      0.10      0.17    107798
      Benign       0.75      0.61      0.68    243322
         Web       0.00      0.00      0.00      5433
  BruteForce       1.00      0.14      0.25      2983

    accuracy                           0.80  10340161
   macro avg       0.68      0.35      0.37  10340161
weighted avg       0.76      0.80      0.72  10340161

Accuracy  : 0.7987174474362633
Precision : 0.7613820229342364
f1Score : 0.716426338206142
[[7518724    2140      55       9     130    5093       0       0]
 [1781683    8837     104       1      12    1530       0       0]
 [  10876     232  571554       0      12    1003       0       0]
 [  60693    3503     284     102     364   13682       0       2]
 [  65314     176    6174      97   10339   25698       0       0]
 [  89280     241    4053       2     857  148889       0       0]
 [   3970       1     325       0       0    1137       0       0]
 [   1958       8      10       9      23     553       0     422]]”.