2024-06-15 12:42:07.345918
===== SGDC LogLoss =====
              precision    recall  f1-score   support

        DDoS       0.80      1.00      0.89   7526151
         DoS       0.11      0.00      0.01   1792167
       Mirai       0.99      0.99      0.99    583677
       Recon       0.74      0.11      0.19     78630
    Spoofing       0.63      0.16      0.26    107798
      Benign       0.62      0.81      0.71    243322
         Web       0.00      0.00      0.00      5433
  BruteForce       0.00      0.00      0.00      2983

    accuracy                           0.80  10340161
   macro avg       0.49      0.38      0.38  10340161
weighted avg       0.68      0.80      0.72  10340161

Accuracy  : 0.8023237742623156
Precision : 0.6841061486100372
f1Score : 0.7234328572079538
[[7491741    6201     297     234    7545   20133       0       0]
 [1776648    4895     128     395     333    9768       0       0]
 [   4712    1468  575134       1     175    2187       0       0]
 [  25362   11902      79    8681     321   32285       0       0]
 [  23772    7811    6535     299   17667   51714       0       0]
 [  28078   12153    1212    1829    2011  198039       0       0]
 [   1607     792     234     107      47    2646       0       0]
 [    823     336       1     158       4    1661       0       0]]”.