2024-06-14 23:34:08.753539
===== SGDC =====
              precision    recall  f1-score   support

        DDoS       0.80      1.00      0.89   7526151
         DoS       0.54      0.00      0.01   1792167
       Mirai       0.98      0.99      0.98    583677
       Recon       0.81      0.10      0.17     78630
    Spoofing       0.58      0.11      0.19    107798
      Benign       0.61      0.83      0.70    243322
         Web       0.03      0.00      0.00      5433
  BruteForce       0.97      0.10      0.18      2983

    accuracy                           0.80  10340161
   macro avg       0.66      0.39      0.39  10340161
weighted avg       0.76      0.80      0.72  10340161

Accuracy  : 0.8028903998690156
Precision : 0.7576763770561599
f1Score : 0.7223170037999554
[[7497054    2244    5047     307    1028   20426      45       0]
 [1775270    6913     187     730     347    8685      35       0]
 [   3915     229  576750       9     327    2367      80       0]
 [  32736    2605      52    7563    1841   33806      22       5]
 [  29767     364    7309     195   12064   58018      81       0]
 [  35218     378     653     467    5019  201365     219       3]
 [   1949      39     199      46     105    3081      13       1]
 [   1054      17       1      26      43    1548       0     294]]”.