2024-06-15 12:43:07.576686
===== SGDC Modified Huber =====
              precision    recall  f1-score   support

        DDoS       0.81      0.99      0.89   7526151
         DoS       0.41      0.03      0.05   1792167
       Mirai       0.98      0.99      0.99    583677
       Recon       0.43      0.33      0.38     78630
    Spoofing       0.72      0.21      0.32    107798
      Benign       0.70      0.76      0.73    243322
         Web       0.00      0.00      0.00      5433
  BruteForce       1.00      0.08      0.15      2983

    accuracy                           0.81  10340161
   macro avg       0.63      0.42      0.44  10340161
weighted avg       0.74      0.81      0.74  10340161

Accuracy  : 0.8060803888836934
Precision : 0.7412104940328202
f1Score : 0.7359560264260545
[[7471897   32014    1893    8686    3553    8108       0       0]
 [1735837   51382     173    1737     372    2665       1       0]
 [   1403    1802  577681     350     355    2086       0       0]
 [  18670   12431     115   26240     754   20419       1       0]
 [  18038   11040    6937    5020   22655   44108       0       0]
 [  22106   14142     769   17482    3922  184901       0       0]
 [   1272    1052     265    1033      32    1779       0       0]
 [    654     458       2     624      39     961       0     245]]”.