2024-06-15 12:41:06.929685
===== SGDC Hinge =====
              precision    recall  f1-score   support

        DDoS       0.80      1.00      0.89   7526151
         DoS       0.68      0.00      0.01   1792167
       Mirai       0.97      0.99      0.98    583677
       Recon       0.77      0.11      0.20     78630
    Spoofing       0.69      0.08      0.14    107798
      Benign       0.61      0.84      0.70    243322
         Web       0.01      0.01      0.01      5433
  BruteForce       1.00      0.08      0.15      2983

    accuracy                           0.80  10340161
   macro avg       0.69      0.39      0.39  10340161
weighted avg       0.78      0.80      0.72  10340161

Accuracy  : 0.8028744426706702
Precision : 0.7820592750824343
f1Score : 0.7219851373777336
[[7495280    1522    7103     600     100   20898     648       0]
 [1774442    7038     264    1010     184    8742     487       0]
 [   3087     108  577686      48      76    2566     106       0]
 [  32173    1381      77    8948     954   34912     185       0]
 [  28913     142    9102     290    8502   60554     295       0]
 [  34469     173     895     622    2388  204114     661       0]
 [   1886      12     216      57      58    3170      34       0]
 [   1031       6       2      32      26    1629       8     249]]”.